<?xml version="1.0"?>
<opencv_storage>
<camera_intrinsic type_id="opencv-matrix">
  <rows>3</rows>
  <cols>3</cols>
  <dt>d</dt>
  <data>
    4.2327381306000000e+02 0. 3.4134626532000000e+02 0.
    4.2127401756000000e+02 2.6928542111000000e+02 0. 0. 1.</data></camera_intrinsic>
<distort_coefficients type_id="opencv-matrix">
  <rows>1</rows>
  <cols>5</cols>
  <dt>d</dt>
  <data>
    -4.3394157423038077e-01 2.6707717557547866e-01
    -3.1144347020293427e-04 5.6389381014883640e-04
    -1.0970452266148858e-01</data></distort_coefficients>
</opencv_storage>
