<?xml version="1.0"?>
<opencv_storage>
<camera_intrinsic type_id="opencv-matrix">
  <rows>3</rows>
  <cols>3</cols>
  <dt>d</dt>
  <data>
    4.2091160482000000e+02 0. 3.5216135589000000e+02 0.
    4.1872245958000000e+02 2.6450726699000000e+02 0. 0. 1.</data></camera_intrinsic>
<distort_coefficients type_id="opencv-matrix">
  <rows>1</rows>
  <cols>5</cols>
  <dt>d</dt>
  <data>
    -4.1458176811769090e-01 1.9961273246897668e-01
    -1.4832091141656534e-04 1.3686760437966467e-05
    -5.1135846250151410e-02</data></distort_coefficients>
</opencv_storage>
